24850
12247
33009
27777
27993
21771
27926
29451
34597
3743
12081
13395
16551
19552
22362
31885
33208

# 수정전
3,5,6,9번 등장 클래스(클래스수 28)
[29451,19607,33009,21771,27926,29345,24850,33208,16551,13395,12778,2483,3743,12081,25438,19552,22362,30308,34597,22347,28763,19861,31885,27777,3544,12247,4543,27993]
8번 등장 클래스(클래스수 1)
[16688]
12~37번 등장 클래스(클래스수 25개)
[16548,1900,3832,16232,16262,20238,21325,22074,29667,35206,36637,38162,13900,18357,19232,20014,31863,32310,33880,41768,18147,20877,25469,27733,25367]
45번 등장 클래스(클래스수 1개)
[3483]
153번 등장 클래스(클래스수 1개)
[3351]
